1 condition	75816	0	153441	75816	44.454ms		8300	0	8301	12745	11.325ms
2 condition	32071	0	58233	32071	16.273ms		1790	0	1791	2822	3.917ms
3 condition	181440	1	483841	181440	134.882ms		182052	1	182052	181440	136.401ms
4 condition	115197	0	247848	115197	54.973ms		13803	0	13804	20464	11.524ms
5 condition	9861	0	16992	9861	5.754ms		441	0	442	706	2.695ms
6 condition	181440	1	483841	181440	87.089ms		182240	1	182240	181440	127.386ms
7 condition	122886	0	270666	122886	50.276ms		18902	0	18903	27750	16.827ms
8 condition	181440	1	483841	181440	82.946ms		182408	1	182408	181440	134.026ms
9 condition	181440	1	483841	181440	88.33ms		182173	1	182173	181440	131.684ms
10 condition	173832	0	438916	173832	88.224ms		58089	0	58090	77925	47.616ms
11 condition	181440	1	483841	181440	91.396ms		182431	1	182431	181440	115.004ms
12 condition	138248	0	310167	138248	52.915ms		18419	0	18420	27035	12.106ms
13 condition	19726	0	34641	19726	8.096ms		896	0	897	1445	2.445ms
14 condition	65725	0	129868	65725	25.661ms		5584	0	5585	8666	5.454ms
15 condition	160789	0	382838	160789	61.505ms		30325	0	30326	43119	24.527ms
16 condition	160613	0	382283	160613	64.602ms		30342	0	30343	42880	20.028ms
17 condition	181440	1	483841	181440	80.584ms		182239	1	182239	181440	115.865ms
18 condition	181440	1	483841	181440	83.137ms		182291	1	182291	181440	127.481ms
19 condition	181440	1	483841	181440	83.249ms		182162	1	182162	181440	115.468ms
20 condition	20506	0	36638	20506	9.674ms		1396	0	1397	2214	3.594ms
